List(
	List(
		(0, 1), 
		(0, 3), 
		(1, 0), 
		(11, 0), 
		(0, 2), 
		(0, 0), 
		(1, 1), 
		(11, 1), 
		(1, 2), 
		(11, 2), 
		(1, 3), 
		(11, 3) 
	), 
	List(
		(1, 1), 
		(1, 3), 
		(2, 0), 
		(0, 0), 
		(1, 0), 
		(1, 2), 
		(0, 1), 
		(2, 1), 
		(0, 2), 
		(2, 2), 
		(2, 3), 
		(0, 3) 
	), 
	List(
		(2, 1), 
		(2, 3), 
		(3, 0), 
		(1, 0), 
		(2, 0), 
		(2, 2), 
		(1, 1), 
		(3, 1), 
		(1, 2), 
		(3, 2), 
		(3, 3), 
		(1, 3) 
	), 
	List(
		(3, 1), 
		(3, 3), 
		(4, 0), 
		(2, 0), 
		(3, 0), 
		(3, 2), 
		(2, 1), 
		(4, 1), 
		(2, 2), 
		(4, 2), 
		(4, 3), 
		(2, 3) 
	), 
	List(
		(4, 1), 
		(4, 3), 
		(5, 0), 
		(3, 0), 
		(4, 0), 
		(4, 2), 
		(3, 1), 
		(5, 1), 
		(3, 2), 
		(5, 2), 
		(5, 3), 
		(3, 3) 
	), 
	List(
		(5, 1), 
		(5, 3), 
		(6, 0), 
		(4, 0), 
		(5, 0), 
		(5, 2), 
		(4, 1), 
		(6, 1), 
		(4, 2), 
		(6, 2), 
		(6, 3), 
		(4, 3) 
	), 
	List(
		(6, 1), 
		(6, 3), 
		(7, 0), 
		(5, 0), 
		(6, 0), 
		(6, 2), 
		(5, 1), 
		(7, 1), 
		(5, 2), 
		(7, 2), 
		(7, 3), 
		(5, 3) 
	), 
	List(
		(7, 1), 
		(7, 3), 
		(8, 0), 
		(6, 0), 
		(7, 0), 
		(7, 2), 
		(6, 1), 
		(8, 1), 
		(6, 2), 
		(8, 2), 
		(8, 3), 
		(6, 3) 
	), 
	List(
		(8, 1), 
		(8, 3), 
		(9, 0), 
		(7, 0), 
		(8, 0), 
		(8, 2), 
		(7, 1), 
		(9, 1), 
		(7, 2), 
		(9, 2), 
		(9, 3), 
		(7, 3) 
	), 
	List(
		(9, 1), 
		(9, 3), 
		(10, 0), 
		(8, 0), 
		(9, 0), 
		(9, 2), 
		(8, 1), 
		(10, 1), 
		(8, 2), 
		(10, 2), 
		(10, 3), 
		(8, 3) 
	), 
	List(
		(10, 1), 
		(10, 3), 
		(11, 0), 
		(9, 0), 
		(10, 0), 
		(10, 2), 
		(9, 1), 
		(11, 1), 
		(9, 2), 
		(11, 2), 
		(11, 3), 
		(9, 3) 
	), 
	List(
		(11, 1), 
		(11, 3), 
		(0, 0), 
		(10, 0), 
		(11, 0), 
		(11, 2), 
		(0, 1), 
		(10, 1), 
		(0, 2), 
		(10, 2), 
		(0, 3), 
		(10, 3) 
	)
),
